0 0.426295 0.6216866566716641 0.14179 0.26616191904047976
0 0.42941500000000005 0.9150524737631185 0.20021 0.11649175412293854
0 0.439915 0.10508995502248876 0.09437000000000001 0.04502248875562219
0 0.738525 0.29260869565217396 0.19000999999999998 0.3817991004497751
1 0.0531 0.5277586206896552 0.06584000000000001 0.1509295352323838
1 0.22337 0.6521514242878561 0.23306 0.4308695652173913
1 0.48035500000000003 0.8404122938530736 0.10831 0.0838230884557721
1 0.6363300000000001 0.11685907046476761 0.19124000000000002 0.085952023988006
1 0.68682 0.732263868065967 0.12504 0.44860569715142434
2 0.15109999999999998 0.6897076461769116 0.08264 0.03707646176911544
2 0.20258500000000002 0.6649850074962519 0.055630000000000006 0.040974512743628184
2 0.250865 0.8714542728635682 0.07967 0.05865067466266866
4 0.46647999999999995 0.2740704647676162 0.51506 0.35524737631184405
