0 0.6287200000000001 0.22589205397301348 0.18230000000000002 0.1168215892053973
1 0.48559 0.5265367316341829 0.09136 0.12506746626686657
1 0.66633 0.8779010494752623 0.037079999999999995 0.08338830584707646
1 0.77656 0.5925412293853074 0.18074 0.11611694152923539
2 0.46341 0.8310419790104947 0.1502 0.30880059970014995
2 0.408765 0.5815067466266867 0.09001 0.12418290854572714
2 0.562145 0.5710419790104948 0.03093 0.12211394302848576
2 0.67231 0.6885982008995503 0.13308 0.2553973013493253
2 0.6977599999999999 0.7990329835082459 0.05884 0.0971664167916042
2 0.7989050000000001 0.4940404797601199 0.05991 0.08319340329835083
4 0.642775 0.393223388305847 0.35913 0.23286356821589205
