0 0.331625 0.45814092953523233 0.25579 0.9086956521739131
0 0.5460499999999999 0.14170914542728638 0.053759999999999995 0.12845577211394305
0 0.6101 0.170359820089955 0.02982 0.11019490254872563
1 0.28677500000000006 0.5447076461769116 0.43997 0.9105847076461769
1 0.455825 0.4133883058470765 0.049729999999999996 0.23106446776611694
1 0.467325 0.7431334332833583 0.05089 0.23070464767616192
1 0.49594499999999997 0.41541229385307343 0.04449 0.31205397301349325
1 0.6250450000000001 0.8357421289355323 0.27885000000000004 0.32851574212893553
1 0.69541 0.7912593703148425 0.42308 0.41748125937031483
1 0.823765 0.29020239880059967 0.35247 0.30391304347826087
1 0.917905 0.7793478260869566 0.16419 0.441304347826087
