0 0.35392499999999993 0.5347826086956522 0.08669 0.176071964017991
0 0.38160000000000005 0.8164992503748126 0.11170000000000001 0.15506746626686657
0 0.47334000000000004 0.16278860569715145 0.16074000000000002 0.07850074962518741
0 0.572505 0.2931559220389805 0.16381 0.2663718140929535
1 0.15869 0.7155847076461769 0.10524 0.11833583208395804
1 0.19605 0.5820764617691154 0.08068 0.0499400299850075
1 0.410765 0.7803973013493253 0.08315 0.21089955022488754
1 0.557375 0.6126686656671664 0.04919 0.3001499250374812
2 0.14561500000000002 0.6460419790104948 0.07001 0.015802098950524736
2 0.18900999999999998 0.6212668665667166 0.04714 0.03707646176911544
2 0.21563 0.7850824587706147 0.08624 0.06584707646176911
4 0.358345 0.2865817091454273 0.39969 0.2610494752623688
