0 0.3224362818590705 0.762445 0.3770764617691154 0.11441
0 0.3813793103448276 0.41517000000000004 0.04911544227886057 0.05998
0 0.44129685157421294 0.59263 0.11353823088455772 0.032659999999999995
0 0.5312143928035983 0.65541 0.09997001499250376 0.0889
0 0.5098425787106446 0.3864350000000001 0.2153673163418291 0.13155
0 0.7297451274362818 0.50791 0.2410494752623688 0.38256
1 0.4240179910044977 0.635725 0.172143928035982 0.033170000000000005
2 0.05467766116941529 0.74891 0.10935532233883058 0.01786
2 0.54071964017991 0.77745 0.01490254872563718 0.04008
3 0.2975262368815592 0.15859 0.5950524737631184 0.31718
4 0.2531934032983508 0.6881 0.23223388305847079 0.0492
4 0.37041229385307345 0.51205 0.3801949025487256 0.11112000000000001
